<?xml version="1.0"?>
<opencv_storage>
<calibration_time>"Wed Feb 16 17:17:45 2022"</calibration_time>
<nr_of_frames>25</nr_of_frames>
<image_width>640</image_width>
<image_height>480</image_height>
<board_width>9</board_width>
<board_height>6</board_height>
<square_size>26.</square_size>
<fix_aspect_ratio>1.</fix_aspect_ratio>
<!-- flags: +fix_aspectRatio +fix_principal_point +zero_tangent_dist -->
<flags>14</flags>
<fisheye_model>0</fisheye_model>
<camera_matrix type_id="opencv-matrix">
  <rows>3</rows>
  <cols>3</cols>
  <dt>d</dt>
  <data>
    2.4995544672486230e+03 0. 3.1950000000000000e+02 0.
    2.4995544672486230e+03 2.3950000000000000e+02 0. 0. 1.</data></camera_matrix>
<distortion_coefficients type_id="opencv-matrix">
  <rows>5</rows>
  <cols>1</cols>
  <dt>d</dt>
  <data>
    1.3743349778914875e+00 -1.7605737425456246e+02 0. 0.
    1.4565064002690797e+04</data></distortion_coefficients>
<avg_reprojection_error>1.0101866834892788e+00</avg_reprojection_error>
<per_view_reprojection_errors type_id="opencv-matrix">
  <rows>25</rows>
  <cols>1</cols>
  <dt>f</dt>
  <data>
    8.92962098e-01 8.18468213e-01 5.19460082e-01 7.29804635e-01
    4.11297351e-01 7.53088295e-01 6.31293297e-01 5.30627191e-01
    5.66911101e-01 5.62196612e-01 5.82323194e-01 6.11639082e-01
    6.68772340e-01 7.25271881e-01 8.07656348e-01 8.57473731e-01
    1.02646971e+00 1.15717900e+00 5.71259737e-01 3.35841012e+00
    1.52355623e+00 8.44885767e-01 7.54139721e-01 6.07677877e-01
    3.78528863e-01</data></per_view_reprojection_errors>
<!-- a set of 6-tuples (rotation vector + translation vector) for each view -->
<extrinsic_parameters type_id="opencv-matrix">
  <rows>25</rows>
  <cols>6</cols>
  <dt>d</dt>
  <data>
    -2.8504349245606941e-01 1.7316796528726041e-02
    7.9606479356668369e-03 -1.2518812688160533e+02
    -1.0548221293968486e+02 1.7194936620983492e+03
    -3.0688045174053996e-01 -4.6511931152095854e-03
    -7.1598981190754887e-03 -1.2760613924988341e+02
    -1.0241531378655019e+02 1.7254698267722865e+03
    -3.0491276519732907e-01 -5.6686465077021662e-03
    1.8347216277326273e-02 -1.1865666186499612e+02
    -1.0582678845888582e+02 1.7200462338068146e+03
    -2.8769422050424287e-01 1.4417878256398321e-02
    -5.3122858336333342e-03 -1.3012785619435593e+02
    -9.7616601170004088e+01 1.7257645326899935e+03
    -3.0610222893897748e-01 7.9563205759282142e-03
    -3.6364582673125728e-02 -1.3608540287143194e+02
    -8.5004143131191796e+01 1.7259201610043071e+03
    -2.9716327342916293e-01 -3.0453832281137128e-03
    -4.5537572026561876e-02 -1.3679843660478636e+02
    -6.1818300150758695e+01 1.6855726136416290e+03
    -3.0703873502354379e-01 2.6712246070140043e-04
    -5.8710464642268402e-02 -1.3749025908119387e+02
    -5.1559270600246663e+01 1.6593720413644858e+03
    -3.2298219074536383e-01 -7.0384460342972147e-03
    -7.5397763990413577e-02 -1.4075239989471325e+02
    -4.0699692360131309e+01 1.6634072056226694e+03
    -3.2280957499756302e-01 -7.4692205373116556e-03
    -6.4891244293104750e-02 -1.3654878021314696e+02
    -4.2890978395410229e+01 1.6561426175344902e+03
    -3.2163478284384361e-01 -6.1481903009084826e-03
    -5.9292419136068523e-02 -1.3423133932308727e+02
    -4.4132264136542076e+01 1.6540194742834501e+03
    -3.2071086954184780e-01 -6.1052017452812926e-03
    -5.3569816884073654e-02 -1.3253252323126534e+02
    -4.5301079341311933e+01 1.6556524740754992e+03
    -3.2185908162178034e-01 -9.8180183684123436e-03
    -4.9606167040288085e-02 -1.3077612847500995e+02
    -4.6282675404227263e+01 1.6577590510475286e+03
    -3.2307817577581305e-01 -1.3857749599344290e-02
    -4.5281193375362364e-02 -1.2845885614217678e+02
    -4.7335247241145893e+01 1.6540733763710948e+03
    -3.2375228570769782e-01 -1.7549409654734116e-02
    -3.8403825229513057e-02 -1.2488659720739247e+02
    -4.9093538369241998e+01 1.6521755259023803e+03
    -3.2148251328304411e-01 -7.9966858453878534e-03
    -3.0150066780010674e-02 -1.2138455318552296e+02
    -5.1016277081091083e+01 1.6521566184924998e+03
    -3.2322281782322054e-01 -1.7718955648194864e-02
    -3.9559391608414665e-02 -1.2493444619414983e+02
    -4.9479815128105109e+01 1.6609624983818560e+03
    -3.2202812087794630e-01 -1.8892373135292878e-02
    -3.5739855995331762e-02 -1.2284829311732129e+02
    -5.0289560900432953e+01 1.6486298839216427e+03
    -3.2885809854262649e-01 -4.4831978122465165e-02
    4.8972597065809484e-03 -1.1839483633637730e+02
    -9.3918546107260681e+01 1.7443639149623159e+03
    3.1263139347601393e-01 3.4602427900648773e-03 5.5729345456328183e-02
    -1.3266988069113418e+02 -1.0405101241754802e+02
    1.6060958172526618e+03 3.7794414332344084e-01 1.1044136145568779e-01
    7.3319626103931085e-02 -1.3239602088950272e+02
    -9.8580971987826786e+01 1.4397337000396544e+03
    3.3065990044818749e-01 5.5123829610561823e-02 8.9595074963768603e-02
    -1.1853620302016250e+02 -9.7019898966672073e+01
    1.4914745865106415e+03 3.1473293744218223e-01 1.3586244017350849e-02
    6.0163404969563600e-02 -1.1974634614209306e+02
    -9.5407042807364761e+01 1.5626652761937801e+03
    3.1348066596753327e-01 1.3981442378748819e-02 4.4452817862905135e-02
    -1.2239632348874709e+02 -9.1047821879869701e+01
    1.5693536277812505e+03 3.0887966838009318e-01 1.3636660653866144e-02
    4.1284340304424356e-02 -1.2192871539292298e+02
    -8.8353492917559450e+01 1.5709447557723997e+03
    3.2104478106582518e-01 5.4343316872525237e-03 2.0254959889560671e-02
    -1.1905857067653938e+02 -7.5402157006591622e+01
    1.5476611945602328e+03</data></extrinsic_parameters>
